2526.04468188
1571.73628519
1623.84035319
1985.32431365
2439.75404045
2856.52711386
2693.27667783
2394.86960031
1566.78633329
2134.55235613
2440.88921445
2435.35744448
1983.22512499
1766.85377451
2403.94890956
2711.8242356
1682.02100538
2727.13818019
1573.4764908
2850.62396315
2257.67920488
1598.54657183
2429.12827709
2928.9460313
3562.37267587
3681.60946373
2910.11514344
2138.64792476
1571.77136066
2693.32409846
2116.61631639
2403.16618332
2123.88021102
1939.79990941
2959.04966746
2354.81239157
2397.73365919
2897.05162624
2151.43666091
1572.53891015
2206.90561541
1572.5688557
2822.63162184
2826.92667658
2408.61106817
3524.55275324
2395.49090881
1588.95607644
2014.18596019
2213.8281238
2531.92901571
1598.12423097
2845.29266708
1710.23864091
2685.90244198
2701.33534838
2429.69123359
2402.93989086
1595.52499486
1594.32588543
2757.30722444
2821.43443522
2376.96384711
2034.70231576
3570.5164614
2056.92683787
2187.05180308
2693.36109671
3572.790429
2377.7746026
2870.23772605
1583.09807698
3660.06208714
2378.56792615
1603.26788936
2028.85858174
2955.42902149
2393.52311731
2441.04882653
1943.0670437
1951.71878639
2125.70600832
2227.67023895
2202.09648749
2270.20996123
2390.36470741
1611.71055386
2399.45713441
3580.40500814
1953.36978953
2429.8948492
2398.78200467
3579.63482464
3510.78208389
2048.96853949
2911.40239874
2849.75164659
2929.64187732
2828.06607251
3504.99102312
2381.67555573
1572.53870369
2980.90700952
2445.73899908
2245.14155998
1947.78315235
1594.32614166
2399.89519428
2393.29914674
2425.01970056
2151.3930655
3029.60619016
2141.03151047
2174.47225287
2206.44133478
1575.0406527
2411.1593106
2161.34259441
2461.28264331
1949.40802792
2955.73570064
3176.21694617
2402.35629528
2214.0937143
2901.82743521
2726.00128025
2462.57275907
2322.03183288
2977.44666104
2763.43903714
1934.57290341
2436.27009294
2791.51767075
2832.71728243
1594.82764447
2309.89459567
2426.04801921
1594.35311253
2272.23925035
2671.50752621
1590.15521516
1583.82024104
1594.33610251
1755.08035464
2379.7439459
2167.71708243
2502.1072946
2442.03046942
1620.29205889
1572.5405218
2403.21569077
2823.91758658
2125.69472545
2882.24492251
2451.6363526
3163.14979222
2676.70318983
2049.17033822
2127.62259506
2907.33033615
2801.14230523
2443.25867563
2385.20406399
2401.96482066
3541.40121061
2406.35759329
2403.44490822
2213.8860682
2894.28233217
3100.97602859
2057.24761909
2940.21038813
2223.95935115
1594.36596804
2262.74250205
2856.60513982
2384.65785921
2413.79600819
2232.50830355
2409.6739337
2236.57909249
2224.84578357
2857.27132655
2641.94667217
2953.24421017
2844.39917211
2381.11232235
3404.78479691
3085.41365446
2723.74164419
2413.41751558
2382.42869965
2438.55385655
2728.63180663
1963.58952946
2774.06083069
2878.32321808
2415.81866127
2767.6024068
2417.71043999
2381.91991401
2226.66903403
2137.61717282
2396.36061098
2415.09591744
1961.31669494
1937.85990021
2141.52705541
2947.06916364
3587.73562473
1674.17880032
2931.44874091
1962.88058592
2869.71634903
2101.21966597
2928.94601212
2697.78184997
2271.35366758
2842.32920976
2700.91203878
2233.51589407
2219.6853012
1583.94388036
1977.25014298
2411.51332897
2483.46840353
2876.3032008
3531.54138907
2214.17539548
3499.07611202
2047.54845871
2884.05857991
3161.71081545
1584.04297537
2870.24493337
2278.77270667
2467.47690175
2214.58249778
1597.22008085
2389.71571654
1578.42554681
2680.51933911
4451.67445133
1966.82443906
3622.99894025
2390.34437004
1597.72764239
2225.18149639
2909.60955782
2140.94279838
2467.77126688
2423.18872808
1963.78131756
1595.88018582
3036.64576443
2171.82930652
2450.37876775
2410.49713315
2708.4466295
2882.05008144
1594.34195368
1601.58721436
3593.64146711
2950.13860271
1944.37006775
1571.74661592
3601.68695769
1962.17266308
4113.24707757
2408.65972427
3061.61197272
2726.57603127
2056.11611604
2159.88670148
1599.48548474
2404.24376515
2408.85717608
1594.36719351
1575.35072424
2268.48953768
1594.3480052
1603.43990861
4082.17422559
2437.21997079
2894.43200039
2679.91525593
2266.25517183
1630.71627944
2929.18298294
2264.97477535
2115.60878057
2412.79786645
2360.1352769
3000.42584725
2402.19460537
2138.79810083
2104.50715547
2855.93737596
1602.78894732
1587.06208897
3588.65415453
2433.01339112
2758.97542389
2244.31841618
1984.79048749
3959.73611167
3322.1425015
2861.53959765
3572.13752026
2386.00665252
3258.8579744
3587.12260174
1598.68370086
2427.62739631
2150.67526259
2933.6120114
2388.70876269
3601.47739321
1583.93304372
2383.83809777
2847.43072142
1594.49395106
3189.99398306
2695.01226983
2778.28599346
2036.22625419
2728.41306081
1970.57158549
3536.66378499
2854.32109701
2403.16859607
1948.67782171
2488.98860267
2420.42823757
1583.53420302
2052.80404483
2693.2768925
2418.65407722
3184.93609153
1594.33092394
2438.76353887
2864.39828257
1549.94519793
2757.76563765
2137.25139294
3679.75970401
2786.44032135
3555.73674369
2746.16986665
1573.69004846
2317.93110224
2182.45890064
3595.19011586
2442.75423913
2693.27735809
2416.93191892
2047.88674133
2363.53573075
3476.33333604
2436.5395987
2388.23019385
2150.1339356
3504.29076421
2993.3589581
3257.50852573
2300.52346815
2218.15833457
1625.50338811
2758.95047359
2138.48083595
2655.10209796
2907.55789049
2504.79153765
1987.97412721
3584.86064384
2928.94636337
3020.98765127
2449.21193522
2729.96198597
1560.88505985
2962.35570798
3013.59965643
2992.1554944
2138.67290214
1944.50936155
2693.29036614
2700.82301151
3022.82286921
2204.71880258
1594.33809705
2427.08882807
3564.84865892
2204.78469714
1594.32551757
1963.15650478
1594.32466462
2384.47753977
2941.9293898
3589.34441074
2978.9979845
2201.3398058
2982.83806933
3586.75274056
2950.37544332
2066.68588432
2226.26766113
2853.57615671
2299.10744428
2049.24594457
2978.49198011
2127.145748
3003.68885155
2028.20298954
2420.22903396
2384.36263469
3601.61293386
2480.11361204
3205.76376521
1598.33053348
2394.09084841
2947.74941249
2405.6411376
2376.23303218
2424.95009284
3699.87266871
2693.27728287
2733.46285527
2383.96525418
2391.28056396
2395.48824899
2546.1485037
2413.84478506
1658.11659316
2890.02590314
3566.6475328
2369.52812362
3576.7005924
2872.67600147
1940.18182845
1572.26708126
1594.32460954
1584.80915437
1996.58457105
2212.87610313
1957.15477396
2873.09181376
2229.08395321
1976.55982554
2001.96806643
2674.26028494
2844.49803433
2693.2807329
1595.3186743
2428.30462911
2388.65521258
3542.69679873
2424.98326841
1598.88677804
3699.77965335
2694.73257987
2766.8423227
1558.75225696
2508.4162009
2095.77124124
2337.38287299
2824.26868817
2407.23963659
1966.68198003
2715.59433351
1594.4528909
2951.63352691
2707.69801601
2702.31384694
1599.29958187
2431.28853271
1957.81527553
2693.27666962
2911.38508187
2751.87337189
3572.15541484
2618.96126931
2842.67145306
3102.68548236
2161.88673484
2705.95773289
2693.53425144
2269.79823277
2847.31407952
2634.35094972
2272.8029669
2437.4609493
2968.98965021
2047.15654948
2409.90140459
1959.42455138
2202.5823596
2175.71670037
2049.22340999
2806.83161557
2845.57259168
1940.15257436
2379.69234108
2406.18315851
2425.0057291
2441.00050733
2705.06894314
2248.48848901
1604.19715824
3581.39993419
2502.56170473
2060.63686263
2429.35557787
2255.06101608
3543.76811359
3551.21401597
2402.90911428
2131.70237384
2416.26393731
2051.21602729
2216.08013264
2424.91549517
2402.34064346
2245.16988957
4564.90368346
2127.40386698
1965.61347372
3087.36106846
2969.78537158
3438.06275551
2126.51937347
1583.57147992
2231.00523177
3831.05798716
2406.98593244
2414.71053781
2038.52353245
2733.02642776
2678.63168894
2847.98955503
3530.42157139
2397.4270043
2403.52848723
1580.79446598
2693.74815256
1584.42636565
1594.33636706
2177.47978235
1598.47301007
2693.31844863
3093.82997217
2964.00481972
2213.40194983
2677.1403932
2407.48553951
2693.47289427
2222.94674444
2742.30700324
2749.71076583
1594.34184111
2702.30301631
1594.56957294
2387.03593203
2405.64271633
2050.39019052
1584.56939749
2411.94679651
2194.70054837
2376.62261986
2845.80608695
2707.78502195
1572.53762529
3533.30833272
2389.83205834
3596.47715132
3592.09823434
1575.46125497
2256.88022329
2887.19670262
1583.70412587
2889.79939382
2453.15885906
2047.79922312
2271.47263846
2969.16534355
2411.31650886
2150.8721448
1582.67590044
2396.72568349
1605.03405419
1961.18195571
2141.02880048
1580.95226595
2053.2131829
2760.23798551
2559.79949361
2602.06550434
2209.00813121
1595.56989524
2889.86688329
1967.65261434
2725.92970565
1957.09998238
2385.74305861
1968.80447852
2824.12492286
2387.85566261
2416.34672358
2423.81479935
2394.62791613
2493.47600776
3123.96523282
2140.54690593
3018.14755921
3312.06325607
2051.23410452
2027.20758615
2140.66191709
1577.68642642
2472.18948731
2693.27772691
3611.25950882
1988.10201477
2816.85312289
3069.71518305
1594.32486087
2990.83905632
1984.83294768
2223.69505115
2902.18771516
3524.60616667
2528.24651193
3610.18313974
4781.92025223
2671.71113668
3509.9941835
3628.58130058
2759.04022646
3700.5278904
2425.77793806
2901.811442
2388.9213915
2223.28518192
2050.97031972
3575.44338288
2230.24412342
1595.87907666
1573.00714288
2030.7616005
2224.48112301
2401.96654231
2912.54399455
1572.84114009
1572.16498694
1594.87790271
2429.12727238
2223.62392065
2152.12168346
2928.94609585
2982.16960025
2417.47629185
3001.41824197
2390.09715284
1596.87209903
2703.59639279
3701.41761168
3557.28428868
2225.95639429
2415.60001298
2426.69859331
1939.07057356
2440.06446945
2376.03797018
2274.02909318
2299.1686404
2010.98276877
2694.50570065
2412.79754104
3622.86319611
2881.39347691
2701.40022674
2410.37657742
2703.22896142
2387.8076892
3791.79213375
2469.89605631
2688.075013
2680.51617293
1584.27581827
2680.02061739
1594.33871411
1594.32463131
3567.85943196
2395.80860996
2950.84627976
1597.93098185
3595.53068216
1571.72857067
3074.12795672
1585.11353796
2104.11217148
3550.72662544
2106.87895041
2387.79539815
2391.06587206
1600.48792851
2434.92406641
2447.71555746
3576.91301426
2530.48977135
2892.44033132
2182.60210324
3416.32242886
2412.4327348
2710.05164999
2265.60272602
2235.90671559
3638.16237894
2882.91826392
2255.85364278
2376.25858349
2824.64969522
1574.03709373
3741.52541686
2678.69808821
3598.49228957
2161.0082993
2377.06396901
2206.15056283
2158.49394075
2452.14925413
3014.59711177
2735.54422724
2400.316806
3660.80497316
3682.74056582
2144.69606007
2390.21790353
2409.63323382
2436.56579207
2731.38513988
1963.81047936
1629.79953659
4007.02473246
2052.93450001
2794.19723534
2881.40996346
2909.51359162
2209.46984889
2849.0252792
1599.49662645
2490.83257616
1971.1183517
2673.97484166
3074.24324958
2870.02548363
2521.57102843
3608.50712273
2883.12801132
2387.21873409
2729.80133747
3480.03179215
2094.59956786
2255.37923317
2415.93911534
2672.00482247
2673.4505671
2726.79411988
2232.42829376
2137.21713165
1582.14105076
3261.0254374
2105.78974755
2439.44483771
1594.32896488
2648.87516152
2125.90201727
2359.73845823
1594.32505342
2559.77990905
1600.14761783
2672.55073506
2172.49156805
3569.14680559
2415.76114365
2943.34434055
3593.76737878
3072.95620466
2141.10469725
2379.92698104
1577.90686687
2435.32735404
2426.43059161
1571.75015067
1571.74702355
2205.26773053
3611.04848347
1577.36588133
2399.82190074
2674.62888718
2888.05857444
2398.7170297
2446.10336459
2871.12101506
3172.49717907
2727.02636243
2733.1650678
2125.70118352
2144.30805184
2423.87443339
1593.86820106
2700.3359685
1972.64597806
3545.75996654
3049.36997873
2227.32927769
2407.36000502
2252.78468296
2695.32398835
3574.36531363
3087.4904583
2140.40167066
2802.06322372
2432.84725206
2720.83099338
1571.81472045
1696.18686998
2361.94681629
2388.14298725
2456.87520833
1615.97098178
2388.62855546
1973.58302768
2379.35989377
1572.54379217
2429.36727842
1961.54147973
2378.64250715
2204.44755867
2203.20244593
1787.87314806
1572.8943622
2622.24948447
2211.77623847
2027.96513313
3592.23396813
1599.60661951
2391.46065684
2383.1220019
2860.34513597
2127.08292834
2158.96666285
2447.51865054
2436.07903538
3206.40733366
2174.78910841
2711.79894828
2202.50269695
2380.27612177
2174.64319407
2134.33514977
2464.73222003
3690.61101583
2435.74641985
2115.72102197
2742.72672472
2850.4316402
2047.40710653
2843.22363295
2390.88362811
2679.33777234
3609.77254595
2047.48828224
2858.74148178
2880.67793855
2638.12724574
2793.22707288
2058.63697891
3054.13637233
2052.08607333
2338.5882731
2948.43648557
2780.99311441
1804.23437568
1589.71838636
2269.36887628
1594.33090449
2192.12075857
2882.62988267
2693.27667174
2570.12568554
2595.74108547
1561.34359751
2910.1331319
3169.60876199
2228.47193946
3048.22924373
1594.36761463
1620.60604089
2376.15767377
1594.36242875
2758.78846205
3632.95960333
1596.7895607
2845.42284875
3556.29130487
2431.02765528
2378.29157246
2408.61305553
2864.98729369
2404.87718063
2967.28934181
2702.3035411
2432.36162403
2366.04594284
2674.40041815
1596.44954085
2856.88784862
1962.84949062
2457.41390422
2140.7940739
1587.57207223
1582.34966491
1769.62163056
2140.02783401
2519.88591907
1603.93479368
3585.28286285
1980.95273641
2940.62046678
3636.34056272
2371.60629762
3563.64397393
2384.10938802
2728.17496632
2145.88067011
2942.56195886
2427.08087383
2947.84626391
2913.04577153
2208.84613717
2423.7125159
1580.80559498
2382.99475195
3640.35894422
2772.38691963
1600.60635976
2504.14737316
1584.0035074
1587.23299499
2152.03613008
2929.10467236
2397.56553099
1598.58038728
2306.20450064
2671.49022412
2693.27960046
1572.59227529
2849.35469623
2374.93953015
2424.76613024
2264.03011881
1573.25045694
1582.07332753
2419.58815549
2411.5221538
2024.65368259
2410.59143877
2696.58993632
3062.05096222
2702.30487515
2048.98335637
2515.47411932
2461.21609009
2411.89945885
2415.67829387
2223.62975499
2910.81340201
2441.16762904
1987.13138431
2948.60105576
1973.19083062
1595.83195308
2403.54252139
1575.48391915
2406.46113731
2907.63708558
1607.33656663
2031.35372121
2431.73359927
2391.7453143
2224.30839547
2026.65123294
1549.94137439
2187.33882431
1599.82861483
1971.11419094
3558.65906615
2424.54638732
2382.85930699
3541.02902841
1963.55685241
3569.28420252
2986.73184283
3004.7908831
2389.11778742
3536.50634732
1761.4714109
2671.08602361
3575.54589226
2357.13192539
2434.30406869
1571.72805217
2427.15275541
1573.09315731
2754.06031036
3569.2167627
3529.39440096
2203.05638242
2899.93084882
3600.75281663
2148.78331515
1946.76049589
2874.00094227
2252.66031246
2383.79825352
2139.31627099
2395.57947202
1764.88145715
3569.931393
2426.7257286
2936.85243426
2729.6599897
2383.69451882
2419.26654587
1594.33612954
1594.33618404
2384.75763489
3665.65868795
1962.63780311
2252.49814398
2985.63640915
2596.8631257
1602.67643511
1618.56172498
2644.59493335
2886.10614127
2704.69914846
1700.7981302
1596.54240694
2416.82288722
1595.90511962
2873.76188452
2240.79049046
1714.50945412
3723.17001713
2035.92105553
1594.32475444
1596.04765578
2171.14654085
1640.4943661
1605.2311242
2693.36643734
2380.17177247
2730.57712271
2382.99947129
2143.33500174
3555.25215618
2673.71069238
2420.27169012
2379.12111901
2878.33874503
2903.79161914
2183.29940874
1604.97232715
3545.64421401
1596.69450355
3782.26327717
1969.66109376
1602.51459819
2383.67070501
3099.6278715
1960.52484438
2050.56957344
2405.89382487
2035.21688724
2381.53829155
2409.52805494
1594.32461623
2755.79823608
2104.0501597
3409.58848005
2347.98213453
2374.15919593
3905.68918048
2752.14423998
2140.60186231
2707.34763076
2211.83782301
1586.24881568
3066.10502981
2382.80062429
2423.81059164
2849.11594914
2070.14875955
3560.02372196
2865.27354415
1941.33426317
2401.94048011
2929.04070696
1612.64638412
3148.56453917
2534.3325302
2777.86881733
2407.08934821
2388.65090371
1596.58216815
2392.31595913
3535.08792679
2832.26340357
2116.36129622
2420.10345938
2888.09240071
3000.4108789
2386.47046466
3017.23048034
2250.5609474
2437.74016465
2736.43463708
2409.75699963
1984.64055096
2451.61987583
2048.00722466
2707.47120672
2140.34976813
1572.53755073
3627.19407623
2384.48531179
1593.57833512
1594.34072926
1941.79568117
1578.94038517
1580.22575941
2395.90987487
1562.78815118
2693.29201179
2755.37600467
2383.79822679
2401.95250644
2986.69820134
1957.64546148
2856.88538182
3573.55610347
2174.64387029
2401.79082197
1572.54230322
2182.41525496
2244.32149242
2377.10798916
1595.02579662
2224.42401154
2423.24839517
2262.36659146
3611.47189834
1572.33062879
3181.10541876
2398.47591334
2407.99634069
1572.74899176
2738.90743461
3545.16956035
3541.15831698
2853.99220464
3697.52930045
2243.25984667
2392.30356398
1578.38472279
2140.83566122
3629.12872918
1580.28228275
1571.72879413
2915.22082327
1562.17924534
2377.37670996
2698.17718931
1572.70164844
2402.78571982
2419.82147322
2202.55043071
3044.23096371
2381.28131295
2185.93867793
2440.11929071
2392.58067421
2172.14449577
2414.25402188
2476.35050455
2899.86519664
2833.70021473
2419.88945884
2680.57013386
1594.32792741
2475.81033473
1953.72112008
2959.82937315
2385.46476767
2115.70344747
2693.27694151
1572.41801276
2818.73815825
2989.2582814
2430.10838679
2693.27668052
2889.7065698
3564.79367628
1966.39625405
2506.10281149
2846.1280046
1960.57597475
2146.68201706
1572.54101824
2226.87984524
2866.19247728
2352.75217518
2049.19884113
1965.73954906
2384.77950718
3271.65295485
1598.445773
2754.06975221
3591.42743205
3478.9741676
2928.94682068
3590.68734375
2726.40362085
3546.15359288
2148.23300128
2143.51050399
2626.41281164
2402.67042504
2406.7099941
2564.59314956
2712.67952191
1943.91375847
2240.33743958
2885.28605512
2207.61372069
2627.13458602
1959.01151405
2671.25137076
3609.58781181
2617.55067957
2465.54809533
2037.6568823
3684.45809152
2909.67153042
2998.24025182
2203.22839803
2396.0629129
2174.64851348
1976.67418377
3699.51052502
2921.33369114
3166.74047273
1557.36692647
2490.8812567
2233.74348488
2322.22854573
2346.07451534
3529.3346479
3457.06285823
2710.77857934
2910.38323709
1965.76055115
2977.88751229
2893.12358223
2407.26584135
2431.68038145
2983.57949252
2420.54501058
2257.64857894
3077.40693532
2468.70594714
2547.62306905
1938.10155855
2830.76219086
2916.44496587
2931.04534655
3522.49578594
1571.89476557
2828.50812474
2251.78659072
2445.12327084
2378.94672236
2693.27998049
2443.48398673
3569.2415226
2478.93242776
3084.26821016
1594.32637725
3126.60960436
2962.38358778
2048.25932743
2443.7745106
3253.5381757
1619.12921055
2719.84481816
2401.32249741
1585.61322096
2402.34513722
2212.18470858
2881.12797454
2671.48979449
2235.93424996
2359.39836284
2671.56700423
2174.72164974
2428.80482197
2051.9191733
2202.24731288
2801.10884975
2418.61788787
2212.68325398
2430.49761649
1594.35680221
3678.82238419
1578.95151747
2050.09701142
3619.01880428
2191.37666639
1986.29360264
1708.712088
2453.99588947
1644.04948675
2958.10011371
3592.75990209
2398.85679969
2300.4562773
3008.07932488
1617.62744773
2703.18047205
2188.15774324
3544.65687711
3096.61497587
1993.27725563
2895.75483215
2126.88200558
2970.7294984
2891.93296808
2711.44756781
3553.13163712
2676.1599998
2883.23147902
2693.71131211
2621.8811711
2846.13723949
2203.12109909
3014.93254468
1981.81544906
3204.1313898
3594.94424955
1594.35819523
1572.75648344
2210.1694798
2197.07061764
3403.00223936
1599.08080205
2165.84105442
2935.65929436
2844.35539428
2868.87971773
2387.86597317
2891.43425138
1629.80329458
3577.13577831
2929.14668556
2618.33422024
1594.32680871
3576.77381145
1594.38721064
3682.60576486
1572.53855942
3535.2232293
2718.40271348
2145.79241989
2419.18753085
1594.3246419
2364.97684037
2621.72723809
2049.68000989
2401.30178503
1572.53760198
2280.29161475
2095.63146717
1666.43427939
2693.29248865
2718.43597905
4105.54801772
3079.25067494
2223.73585386
3523.27952964
2137.97144218
2139.20767574
1977.77940217
2675.84800856
1575.10426829
1599.02620024
2047.92817779
1980.19286317
1979.21695114
1549.95919065
3526.10978075
2252.5020709
2387.06132123
2672.84247899
2415.98099476
2262.29859745
2702.30529524
3101.76924708
2150.12409176
2147.30058785
2412.18199487
2542.76824995
2011.41270459
3600.16309089
2984.48228924
2671.5708257
2381.41128477
1595.67159568
3583.91532631
1584.23592952
3615.99883895
2469.47413421
2673.61808834
1962.45838217
1550.84019884
2335.78883416
2140.6300982
2391.53879763
2427.67634535
2298.82510815
2696.55324303
3601.01544569
2693.27668591
2234.89959375
3811.98073246
2874.51714246
2914.49863231
2727.76023196
1962.45548329
2857.70250552
2235.83224245
2684.28847804
2423.65735182
3549.82262475
2293.0574656
3516.34984919
2712.98653571
1592.98627043
2645.33815573
2508.48539426
1572.568732
2715.55504303
2365.53067358
2030.29235741
2698.774806
2368.15139344
2052.84934686
2224.69915347
2344.22933415
2382.30055373
2404.09166201
2680.51599526
2385.51411107
2204.93920351
3746.17554959
2249.44332993
1611.43749834
3061.6913133
3074.90667007
2622.93968688
2680.51600194
2508.25067588
1575.41750374
2275.80809482
2071.23677671
3028.53343494
2149.87431054
1947.60191866
3612.33680398
1571.73041422
2564.924008
2204.19441526
2849.27564819
3001.56908315
3558.01648995
3585.6227746
2140.98964421
3002.43130568
2880.45001685
2435.37071976
2204.32249813
2842.00961809
3637.46990164
3098.83062066
2401.98440604
2228.82194472
3614.75208952
3038.04473483
3557.7126404
2405.64895064
2671.52896932
3499.74617718
1590.31885911
2729.42410757
2146.06435612
1601.41852321
3561.53986618
3563.5055741
2730.07809118
2728.86801957
2386.19278821
2406.5821441
2434.56038301
3073.32576882
1585.91470947
2887.24168734
2429.05405909
1562.32945852
3633.31732917
2142.0404547
2027.48344589
2640.91084482
2379.64502053
2104.38900507
2799.95552259
2882.07622998
2048.6926116
3064.10226964
2929.22379326
2125.80042769
3616.21798412
3564.72216878
2375.40989604
2387.87640281
2847.54941733
3745.63954606
3509.65202504
2679.69931567
2423.60352251
2449.40131337
2671.61307265
3601.5210761
2212.17926969
2380.43500323
2404.90537504
2583.56239657
2447.74969378
2202.60481568
2617.86036228
1597.05184097
2312.23316441
3008.581016
2403.88937841
2711.21958062
2417.83723394
2380.50168162
2416.80802342
1573.40713247
2907.42071237
2686.93418518
2752.03699401
2226.40694492
3536.99784567
1583.06340671
2757.0815256
2575.11910586
2418.11172392
3535.71055347
2929.82954348
2663.46774063
2956.5437155
2930.05263835
3034.55892432
2408.4510355
1573.02673796
3578.79085889
2467.35212978
1572.91864233
3579.13397443
2399.46572811
2297.28144295
2380.79278635
2126.10985666
2052.57514351
3033.56049181
2429.48844062
3806.75157855
1594.3272208
3545.6881141
2274.88459678
1595.28130005
2911.50294536
1981.64528211
2436.3903074
2424.8277342
1579.20248561
1595.269742
3075.47099464
1970.31277692
2202.6433968
2409.80516858
2669.85785225
2229.23024875
1574.37447192
3497.8629181
2420.89951846
2123.42236294
2151.03583867
3170.93021769
2387.42287088
2855.20699959
2864.89551139
3612.2949503
2461.37695393
3541.30972272
1594.32492053
2734.7410647
1750.75293091
4759.57890078
2442.82869839
2407.34652818
2350.18195781
1594.32463012
2420.12883086
2867.56736246
1553.66709569
2441.36709266
3544.24272588
2402.05870293
2869.38706699
2482.32042482
2401.61680424
1999.43268712
2530.70997028
2645.89498248
2376.08507448
2437.4397483
1581.50030119
1585.10130951
2822.03558398
1572.82466005
2681.00781059
1669.7728823
2975.25786871
2992.05634285
2710.58113255
3032.71344655
2028.26991277
2969.71199892
2117.74121556
2383.52041548
2939.29367624
2463.52320552
2405.83818018
2471.52922929
2294.00168585
2729.58474316
2650.64895453
1572.64054094
3585.21177455
2227.51773766
2231.19735496
1958.45460474
1963.17259301
1594.32463991
3613.98252717
2693.27680797
2427.94556593
2417.59013978
2855.10831842
2403.42212295
2052.55145603
2121.33558447
2693.27692944
2348.41253104
5750.81004192
2017.51033988
2174.77513026
2844.64759847
2988.33917818
1940.6520774
2859.8827527
2138.62988996
2404.33663995
3563.87618866
2426.73711595
2485.57375536
2403.12081285
3561.49738488
1578.17318551
2238.37503693
2870.04365056
2684.8406713
3691.4177299
2758.50617064
2224.71161347
2053.06329136
2398.00281671
2126.01207061
2415.55508086
1595.15355053
2439.4675554
1583.4833228
2971.94169238
1594.80998451
2846.11499944
2227.57048251
2434.57677589
3810.55351573
2215.72845782
3263.69903018
2419.05112141
1550.66007779
2672.82615483
2848.34618519
3721.13051019
2235.91453976
2780.10146299
2443.02965559
1594.52318758
1594.34447028
2386.59475687
3549.91635121
3062.56658836
1571.80530798
1607.26606861
2897.28221365
2818.00303569
1594.34984851
2033.24432236
2693.30764058
1580.31891783
2459.9968413
1937.10839949
3506.99685161
3553.15002873
2442.18440064
2932.77991058
2103.01744782
3579.94170503
2383.84513648
2595.75068924
2890.7571077
1691.05577497
2223.91430507
2674.1262196
2543.88132927
2394.73274683
3031.98381177
1572.1399092
2694.02513146
2889.16720523
2039.84370294
2203.44553167
2705.43067568
3570.72441135
1968.03732892
1572.5148284
2349.80460273
2399.73514581
2049.88684489
2850.51936537
1572.53954205
2404.17796396
2461.377061
2225.31974602
2435.48930459
2731.83308355
2564.29729308
1578.35820996
2171.81297396
2757.41984963
1552.87885346
2119.43029516
1983.82889464
1676.27650047
1936.20867546
1571.92812928
2398.80877298
1594.32534728
3305.9863766
2278.32009421
2707.60462739
2900.89921945
1959.66395154
2868.07786723
1564.56725701
2693.27743376
2185.94557404
1571.72812546
2434.40067589
1944.22207506
2672.06735045
2272.30004788
2988.57989105
2482.10694715
2396.02323624
2423.0148227
2844.47021448
2444.47511818
1978.56429225
1572.53824241
3594.754874
2241.04830826
3570.09082
3553.56925885
2680.55753045
2382.64217622
2922.411255
2436.02660428
3583.97159473
2048.86108733
2720.41437965
2945.7563055
2271.72484101
2057.50705541
3660.27044932
2830.68085536
1580.96423763
1574.58523744
1594.89171539
2177.61071376
1560.55207555
2151.03210039
2881.62338695
2827.70574973
2387.85818797
3425.14943318
2415.00935219
2050.36988412
1672.99910995
1595.49612675
2834.6477422
2850.4746356
2724.92032339
2533.46941095
1965.23077282
2047.86502983
2404.87853952
3614.53443046
1960.38967088
1595.7555814
2926.87486827
1559.05583643
2978.93099623
2176.4727876
2125.69476487
2224.98286876
1583.87597323
1594.32463264
3703.83462391
1594.79451982
1964.45095191
2483.04999326
2803.40403268
2781.40285249
2216.55355532
2269.91749004
3569.35403926
3626.84899044
2403.34907045
2224.01348605
1961.79974823
2797.80402105
2479.66994218
2693.32462682
1975.80432426
1572.31055197
3587.7878207
2427.49972247
1598.80370707
2387.06181522
2215.04158758
1598.82987219
2047.50441348
2385.89191421
1944.3139716
2404.75510722
2402.88488434
2444.22287778
2886.50628434
2233.02293873
2171.40153709
3580.66656494
2221.40191528
2797.81136624
5328.16448788
3087.70186724
2174.6432221
2236.01100886
2683.65176294
2183.75176983
2371.00800112
2880.10697529
1577.17410921
2736.4628527
2053.5635456
4314.1707373
2051.3195213
1594.43192385
2430.83872554
2833.91586756
2174.64702571
2410.07175113
3551.00306269
1574.56491946
2413.05423563
2518.54069249
3673.89380509
2845.3675843
2630.71898648
1982.57564717
2372.68878777
2430.70629304
2285.67835946
2399.55833699
1571.72822786
3687.20927595
2384.76945861
3566.83120117
2382.16969223
2402.56087277
1574.52468383
1576.6040193
2968.49992767
2387.24361203
2827.86810055
2884.67233074
2704.09537555
2880.69051195
1961.24603765
2283.89334258
2148.54247903
2151.82621724
2698.15941276
2703.12816284
2069.60590834
2272.51533341
2360.31186981
2929.28868945
1594.33620571
2693.2901485
3243.44282456
3502.11029523
2407.564826
2670.66370399
1938.66641218
1962.40239051
2929.02521425
2381.18530762
2989.55671958
2568.25611755
2992.89363535
2402.27343873
2408.09272794
1714.48937922
2794.2111514
2229.42145022
2769.05660179
1787.37612907
3542.93528155
2182.54691192
2671.51604786
1575.0812197
2429.54902662
1574.81828176
2674.02606975
2258.18699935
1608.79449277
2433.06530926
1641.05679611
1948.60701632
1938.81309608
2486.92152258
2203.48573468
3595.19456527
2203.10867271
1594.32458392
2364.84587896
2683.1534086
2387.43390599
2693.32547347
3489.88152955
2403.71339705
2879.08861961
2428.23192551
2051.27354413
2183.58851619
2841.01911797
3622.85993596
1572.54199949
2671.10614768
1704.2423905
2448.35689105
3032.23012462
4299.14904196
2344.16724255
2224.15047956
1595.2653233
1692.00335996
2858.02932503
2144.83931326
2844.4208834
1975.3457956
2484.09705967
2455.78356425
2694.16602717
2415.93705776
2860.5855303
2690.8056865
3038.49744461
2012.90580242
2951.86225978
3591.82912448
2427.80361193
2422.37639445
2283.67764546
2425.13178351
2272.32179824
2047.90878179
2144.48771139
1964.09267066
3135.4602769
2221.10596169
1574.19969008
1578.73390984
2385.79771882
3522.44241804
1963.13340285
1594.32459251
2397.27268495
2576.68083395
1598.82504193
2406.05316061
1876.75509507
2464.05156607
2452.86943846
1594.32791473
2671.49614904
2704.91046318
2056.86612619
1594.3247186
1955.54284182
2928.94748977
2253.3627951
3563.12934931
1594.32801722
2889.92279328
2767.24400588
2399.35520342
2380.40491593
1573.45908787
2875.45355895
1578.5924918
2400.29352532
2905.32902714
1579.99168083
3534.12881963
3616.16504194
2837.96799326
2214.16315161
3436.73552981
2367.33901821
3557.68234429
2444.41033484
2451.52124988
1596.26272752
3618.7031526
3682.59106823
2704.60519666
2223.43225503
2233.75751133
1748.54505364
2389.00873499
2420.95454707
2393.72434744
2966.27721919
2362.64408441
3311.76871544
2138.37411114
3485.29988126
1943.1284195
2279.893762
1584.92298026
2378.05819903
1937.57211232
5619.90382384
1594.325101
1575.27271932
3682.59100577
3034.15449344
1594.32505493
2222.8441529
3561.172616
3561.21553406
3103.63836977
3550.47420225
2911.85793755
2754.7863561
1962.71589715
2332.9623566
3161.97795622
2670.81840671
3149.49898702
1961.31809899
2270.52990587
2685.05524797
2423.52196999
2928.2329251
1594.33097715
2404.95835577
2126.06256817
2889.33233416
2670.68514702
3003.37822512
2397.78466542
2426.62005035
1601.04985217
2049.50945491
3018.76389303
2177.01226914
2383.62465
2855.96490081
2171.35358931
1979.54558256
2027.34834576
2077.90440383
2951.96020248
2348.46884128
2018.10368475
2202.46041537
2225.07704828
2369.72380573
2843.68803755
3034.67313445
2427.55655511
3617.98684023
2217.67881526
2403.92961705
3551.77330929
2932.70422454
2976.52025783
3627.02690228
3491.20736379
1595.45293251
2436.41498081
3550.98936401
1596.99352617
2964.74919759
1676.16887728
2385.93387862
1579.8262622
2693.35175192
2882.24006494
2721.35582879
2735.7819204
2415.19051848
2468.70579753
2382.75643015
2219.84658939
1572.53759807
3644.2649302
1595.63478893
2400.99046105
2501.44849094
2973.47110151
3201.13651247
3000.35953223
3100.47595405
2671.87172419
2401.810404
2384.55876715
2376.88434475
2373.5882605
2746.6910213
2704.04850799
2711.7992922
1573.09664277
2972.33770417
2419.93429095
2989.50783752
2141.00318487
2397.01686604
2409.27152888
4263.59653855
2015.90941627
2842.77474287
2186.69635611
3616.50364896
2048.18594019
2037.11654643
2161.61620063
1962.72372756
2846.32091186
2418.45021945
2671.48982877
3180.38074779
3281.28983427
1817.72259706
3056.84038805
2401.63554231
2414.67803101
1572.82144504
2068.7419288
2617.68075505
3667.25168198
3598.76941692
3885.29761376
2413.66658847
2693.27885469
2284.71133017
2402.45466034
2671.48965184
2383.32284657
2141.95841674
1960.15458028
3610.68151857
2205.61057579
2142.69681801
2907.36127179
2693.27671724
2888.73123004
2385.53635407
2780.66892819
2442.75419882
2379.46915361
2135.53006268
1572.42739573
1961.96024627
1597.45158045
2428.21860377
3051.84868854
3606.21461188
3550.3646901
2421.35618286
2396.87725883
3702.34562295
2414.24536927
1612.06577544
2570.90732478
3563.73394413
2516.3706821
3438.95416605
1572.53819835
2405.01344093
2827.06010326
2880.01946222
2049.6750225
1574.5146135
1623.70152316
1581.49631569
2419.24014419
3171.61941114
1594.32486047
2430.88785894
1572.95653859
2174.77198915
2141.31628986
2532.60925799
3568.87207423
3541.41287586
2228.35487678
1575.09362443
2466.65481011
2213.17279732
2257.62224999
2175.5550714
2965.36717295
2231.51049118
2457.37122659
2451.59173382
2404.2391707
2487.48920019
1594.32567577
3504.0474038
2995.28183442
2945.76950067
2407.13285703
3002.27630556
2461.31035812
1594.99059251
1559.78289507
2882.52876463
2205.20698849
3588.38888362
2278.8417017
2391.60061068
2436.89393515
1964.1517131
1577.53950852
3578.41417772
2401.22623651
2963.29571695
2974.2718568
2374.7967669
2717.03461069
2860.51943054
2174.64754898
2269.16758509
1621.97118918
3604.22450907
2027.76952866
3601.03501813
2422.56542684
2484.71318441
1594.3245884
1968.75670658
2551.76139884
1989.43928711
1597.3029261
2670.78422371
2161.92493112
3603.31455472
2407.60559898
3519.98021208
2137.4254568
3555.81287123
2274.23675405
2355.81918645
2693.27666909
1594.32677012
3595.83330967
2380.96183995
2411.94969791
2420.3897794
3561.39048927
2411.36367086
1594.33166467
1577.67818406
2216.48403611
2274.65978112
2298.64823946
3858.47892181
2055.83279057
2402.43505888
2294.8288699
2727.99638359
2289.05928581
2391.20592194
2749.06389738
2675.11151547
3222.3388679
2706.42318277
2727.09310323
3569.10033975
1962.65879928
2460.68891273
1596.18125941
2173.95414241
2158.69647628
2004.12570217
2223.33967571
1594.32672377
2257.72448063
2282.89692625
2026.10791113
2857.00155706
2047.58802725
1571.73127315
2671.48991772
2489.23110623
3340.15755301
1575.94420037
2843.466978
2698.52348678
2401.48347081
2097.78966723
2997.01032945
3245.85969209
2998.58038722
2908.73541706
2204.02360509
2370.46334107
2928.94709869
1572.5380002
1574.25744932
2416.45303432
1572.53758731
2733.48024189
2693.77012717
2671.5325684
2693.59207347
1749.97944748
2383.54582108
3077.3582637
2049.07019989
2693.31205484
2411.45780023
2051.40757885
2671.49286311
2856.70763377
2389.35146168
2619.60726581
2409.09654991
2682.5788043
2390.74546305
2223.69372203
1958.24576165
2371.12313898
1594.32911318
2726.42193651
1594.93763279
2258.43604622
3174.79313382
3626.222559
2359.97745797
1735.68620788
2608.79245125
2654.72854048
2917.45140213
3549.81374662
2996.80507603
2406.20211908
2404.98023525
1579.92528202
1948.79791697
2386.18170699
1594.32869164
1931.36606692
1960.42585601
2694.27723969
2365.64062627
3011.98688632
2450.17021473
2732.97118892
3528.97509221
2411.86340715
2207.30682107
1594.32460549
1572.25798367
1551.73199898
3527.26440118
2139.95909783
2935.26938722
1594.32469453
2672.17275938
2867.63977713
2849.90217428
2402.37018422
3555.01110232
1571.98470916
2409.54237363
2218.73168646
4508.98233925
2379.3779175
1594.34669174
2396.19994111
1594.64194829
2724.43408773
3550.0245609
3255.52337241
2842.75422607
2271.01545703
2928.94599511
1581.90524246
1598.69489925
2026.68122501
2435.87363162
3523.89757137
1573.38456887
2384.92590527
1961.9109989
2038.63959255
2426.42220663
2950.06199371
2424.77057776
2289.78095036
2403.2650853
3586.1482441
3595.85488125
3035.57276364
2382.19581241
1571.73305285
3522.12566169
2137.74499124
3107.17989232
3591.93968986
4258.02259969
2143.7058321
1594.48067177
2385.44140334
2423.26036791
1555.11977346
2867.94006516
2320.07332209
2878.7305167
1735.6377924
2590.30540745
2202.54010873
2843.75257107
1571.73480247
2377.71719551
3576.40318857
2103.96151181
1571.72919055
1615.61692319
2485.1632576
2702.30303213
2585.51022106
1973.42562872
4761.96286023
2404.87101939
2263.83499643
2390.91641172
1669.14622074
2671.36532024
2858.2513884
2406.20800933
2363.97086281
1554.59221052
2082.18581558
2422.56144685
3071.84510576
3569.66074803
2491.02701089
2127.53012619
2191.5480926
3582.73670911
3505.16397438
2880.42235838
2939.14618772
1594.33836018
2694.40720526
1573.91330135
2139.45890152
2424.86455518
2166.08686328
2408.5204092
3327.62749323
1577.11691688
2405.49052485
2199.66552842
2412.5283792
2139.25524374
2148.24851623
3538.43433289
2127.1357447
2406.3572293
2174.76874193
2048.8833131
2393.12228942
1967.79865842
2402.27966267
2122.84667235
3601.67339304
2444.61796517
2173.13410852
3590.68534728
3584.67097662
2433.66957541
1594.42684829
2411.58487134
4302.11606768
1583.72571239
2403.15656908
3335.55181754
3593.28879621
2786.35866824
2410.69805613
1601.1601824
3000.21364104
3567.00169614
2981.6325883
2824.2789479
1594.46031908
2426.31899492
2402.73798104
2768.05098776
1962.3442759
2402.82127848
1594.57859725
2953.03471785
2841.40532552
2047.47413973
2864.94961521
1993.48105278
2419.09522969
1957.91898717
2400.97429853
2962.99855767
2396.08503507
2236.33761627
2408.91212336
2771.0500286
2941.62376563
3002.56733076
2672.02190145
3591.21866781
2398.56261949
2208.56604788
1603.26962134
2400.84209178
2693.28324906
3573.41387026
1594.84227919
1594.58240598
2406.3767092
3698.52099663
2871.45868543
2363.61394012
2432.38213732
2702.30542648
2047.43648679
2702.48007999
2417.20536238
1573.7712624
2768.28779315
1594.32458257
2694.92441745
2050.02401174
2707.70785308
3087.01948124
1549.94256217
2461.03672013
2054.65563282
2730.93143032
1577.67850884
2248.45870524
1964.16906092
3602.93410107
1573.98684254
3666.06940119
2386.67424636
2020.3042822
2255.27700631
3526.20658878
2707.9683504
2360.40666099
2430.46066908
3071.46347948
2053.72723166
2564.42663052
2671.95119515
2228.38997483
2366.79761543
2733.97128885
2265.0545098
1572.57874149
2926.67427025
2564.31053174
2928.95291579
3632.49421919
2203.12958504
2828.61857763
2142.21463696
3491.28034415
1964.83455764
3594.58817152
2693.27749751
3623.81453171
1594.32458736
3551.12401581
2394.18471677
2374.81876498
2401.77707243
2382.31648414
3595.40123485
3602.22027004
2118.75162021
2425.81207894
1606.61294065
1572.53759374
3542.20925519
2116.00374763
1588.49321202
2407.70192272
3570.02529738
2671.6208185
2362.21254324
2219.93764428
1584.46220311
2629.48909534
2718.9593818
2053.30145676
3040.35828575
2208.05696234
1658.76471445
1594.3282179
2430.75803902
2212.01292754
2169.3633208
1584.80181262
2381.67756904
3572.13468233
3591.71023649
2397.95216423
2424.52355292
1549.96187745
2139.41809516
2030.03132239
2758.00798914
2857.95778577
2445.31508068
1571.72986784
2427.35949784
2213.8006667
2397.08498161
1591.15959385
2466.56178998
2385.06597665
2389.32281913
2026.89879365
2929.85406531
1571.99975235
1583.46759501
2662.24538972
1950.31471721
2138.75991635
2127.46488444
2671.48964455
2885.36905386
1960.58921458
2422.65842952
2429.83686828
1572.05517002
2456.88793597
3092.88476895
4766.39587326
2712.17341772
2837.17145824
2359.92636284
3498.53524241
2526.71358688
1958.83803343
2930.46300763
1969.25443229
2051.0742841
2878.46644259
2334.34395657
1594.39316827
3858.37557919
2886.13576038
1603.29379663
2406.97544719
3590.20701654
1946.22122829
2477.08327225
2147.62617149
2435.90041787
1572.5896833
2366.57107734
1940.04483764
2270.76008636
2405.22360731
2407.88442496
3526.79854575
1594.39595377
1599.53512928
3583.19994706
1596.7190619
1693.6981234
2879.72508526
2418.09745913
2236.48006296
1966.33275895
2671.49074886
2138.15363239
3042.45246388
1584.20007035
3662.17792432
2734.74730492
3075.98253746
2185.33345399
2731.83140044
3602.19673245
3741.3771496
2976.0028292
3521.79773553
3530.82884502
2904.89259279
2731.87176828
2831.34685338
1964.31571028
3682.8020746
2861.05909969
2693.27666692
3614.53094917
2125.83399286
2402.40392457
2379.13341213
2443.40310416
2402.74113326
2021.53245047
1594.32989906
2722.9262462
2394.16964694
1584.38998297
1642.52062267
3568.96845827
2745.24150115
2434.15142998
2050.86793771
2220.56374741
1594.84603608
2401.07072498
2542.71455951
1572.53781236
2148.89305632
2362.34920119
1594.43343199
2047.7172582
3601.2138492
3701.85248693
1967.30411081
3707.42744402
3044.17280937
3535.5616302
3582.52497301
2182.59483591
2211.48356178
2975.20259033
2434.60958286
2779.14019139
2156.16470024
2421.6063139
1573.68878382
2388.16600265
2213.83698602
2178.11137336
2270.59053439
2404.66651927
2117.58110397
2417.59055878
3549.50795752
2064.25981224
3695.18551762
1573.39176147
2771.17278741
2204.52080058
1966.67301845
2523.47412173
2888.45706823
2352.11547824
2230.16480843
2181.45636111
2367.22059958
2461.75784151
2449.02196824
2513.00933774
2277.47475424
4170.22840485
1594.36411442
2858.53142652
2662.04799929
3559.24357568
2171.63196443
2414.36663313
2388.52593539
2416.49218208
2671.50082019
2448.04629071
2495.32356731
2003.67401028
2674.97237495
2693.27789282
2444.33161011
2603.32765356
2175.40058226
2824.79719936
2687.99386501
2903.69388184
2499.65726844
1594.64042002
2531.05648421
3230.54589886
2406.15267702
2408.586658
3043.12539528
2392.54034522
3562.23052199
2671.86690176
2224.62842782
3003.86504422
2268.92158952
2848.84951896
1594.32459154
1594.48949173
2693.28189315
2653.49427047
2383.36439916
2041.28435795
2869.3593722
1966.41562336
2058.44550919
2253.56792057
2670.66434477
2364.92895736
2711.37115402
2392.64238448
1594.32711194
1594.7082365
3549.74712606
1594.36645267
2411.14070937
1957.95970534
2844.62728695
1964.77245615
2047.77209882
2694.93871501
3735.23712977
1710.21238596
1591.04830324
3584.82886981
2435.12592949
2403.14667754
1594.3548127
1974.63507922
2413.47553082
1964.04202898
1602.58798801
3000.75462583
2047.04060304
2828.4479934
1963.80472396
1968.69664399
2693.35061578
2726.83635549
2973.51254308
1573.55155768
2377.9454393
2907.16412863
3568.60242324
1962.81445661
2428.87205625
2390.96096458
2402.31886789
2794.19022752
2386.4334197
2692.2517785
1970.06435648
3550.30150497
2912.77402319
2878.34813574
2383.44484081
1594.33072522
3008.88340674
1572.56519013
2353.73519235
1555.82696617
2885.81947755
1572.56980406
3599.22942856
1572.54780326
2385.0147774
2385.21472517
1594.32511557
2917.53524449
2858.99247173
2437.18813458
3502.24460742
2003.58594613
2746.97003498
2670.73540227
2403.95973286
2059.54452597
2805.8272669
2702.32395083
2693.39323017
2160.56327639
1597.54474188
2628.08354218
1594.32498921
2984.96082394
2907.86032748
1584.90205708
2140.11175393
2383.7311023
2380.6360776
3620.93234498
3036.85949556
2405.49079333
2982.34176695
1698.31426601
2153.7131842
1572.71041161
2857.04377061
2102.57952782
3012.36779122
1963.97821215
1552.55080085
1594.34711459
2367.20945346
2969.58960939
2878.48398973
3517.18115001
2880.27832786
2424.2309632
2142.80382496
3640.40517413
1576.22745006
3158.09017646
2045.54353587
1957.45004375
2505.498637
1937.55501543
2014.06964122
3036.1329661
3599.11198066
2430.77253295
1596.88307376
3098.18686522
1595.03971743
2889.53918256
3567.13835264
2425.31108296
2043.73612753
3110.95766729
3717.31203514
2341.24481659
2447.16005204
2775.89583885
1962.02452045
3682.59353842
2911.86921436
3555.34977724
2402.37723575
2392.84210862
2388.93805351
2010.80490894
2391.48544638
3479.44874657
2208.97969634
2858.67298693
1572.54313404
2425.71204101
2411.1848928
2052.33057082
2405.44884011
2206.83904313
2213.86905727
2417.62553289
2047.41418283
1594.32681678
2120.23767082
3534.25603346
2762.17643146
2160.65929876
2388.75366116
2364.939755
2673.37445331
2703.07014723
2404.93335996
2197.911072
1580.66232333
2704.14307939
2049.16734594
1598.49628223
2701.68336385
2885.04538939
3584.74210565
3635.3761466
2150.79585033
1596.49176747
2422.52299423
3022.62183656
1575.55803974
2729.09597876
1598.468837
2440.75340724
1588.98309734
3235.31094369
1990.06660707
2814.37508379
2702.31327394
2853.07552905
2693.27667094
3592.95142373
2443.67255929
2174.64322923
2756.93410693
2455.48502241
3591.80951129
2257.61927325
3513.3978469
1598.18991685
1594.72114012
2995.32370529
2080.66866993
1590.12180246
3561.42727652
3692.6127686
2047.47901844
1571.72806818
2174.50150425
1602.09368198
3033.22526249
3084.04103196
2599.34282858
1965.12017884
2630.49715072
3627.12515661
3021.12125983
2708.1865538
2731.2478084
1948.77805819
2271.08107723
1679.87386239
2224.63463008
2385.10498885
2435.26104152
1572.15970192
2426.96779252
2280.33315522
2456.80823313
1584.92408066
2380.54368526
1571.72854046
1594.33188084
2671.48965291
3624.28365351
2382.58550738
2202.73945166
2619.47562397
2405.03434016
2772.38380354
2974.64309232
2269.83542102
2994.9743169
2599.60118945
1594.3245901
2878.63204981
1575.44063542
1938.41173905
3562.88881882
3682.7161863
2967.07040446
2695.72492635
2731.65615348
2670.6622348
2406.55154895
1968.94951034
3408.90447496
1601.33388894
3553.36203535
2441.92450787
1598.4347157
1959.41903066
2408.61441737
2211.07651479
2772.40777526
2909.99713649
2673.50656309
3574.3564084
2352.84227662
3619.76530343
2990.9595405
2704.26786032
2353.22734787
3589.27317046
1560.98830772
1607.90732802
1573.2274852
2465.59291348
2875.11780527
1601.55256692
3253.96666792
1585.39804941
2672.0347849
1578.17787903
2989.30034134
2728.25173832
2407.19601437
3568.07994147
1585.931925
1558.13815429
2129.54847328
2224.10943609
2403.25366127
3032.89481153
2275.46722868
2973.87702032
2667.63660533
3520.45236471
2867.87280628
2405.14483927
2678.06914662
2179.12565308
2726.09589939
2136.7520389
3069.34377207
2125.69439587
2391.56395943
1958.60084058
2465.16417468
1594.34641161
2401.42625692
1999.6403372
2202.95415532
1594.46890948
2486.56586888
3622.58183257
1967.44036326
2864.20240614
2390.96535691
3068.46048121
1594.54894178
2711.67450027
2172.08087951
2234.54417209
2024.17815454
3586.53265447
2440.07065127
2391.63972847
1623.08601119
2327.74293874
1594.32458353
2972.39468987
3465.52621879
1997.85729943
2984.41481571
2778.24072126
2420.87002925
3739.71944071
2446.85547885
2144.12102176
1594.3246441
2223.02829976
2385.62939942
2054.79132204
2077.72360267
2263.34793719
2206.15466007
2831.38561881
2222.26517386
1700.525497
1594.32640797
3564.72525308
2225.37190614
2396.38410491
2259.68219867
2940.00263558
2847.21285385
3553.36218095
1582.96309907
1594.39470833
2517.00141884
1646.97324297
2292.2749295
2470.49298295
2272.38686177
1594.41207661
2728.90563301
2359.92292622
3575.26493253
1572.6933548
1982.98264456
2470.82053142
3611.36655645
3547.21993718
2912.13079512
1594.5055977
1571.7282386
3699.47035989
2418.94547958
2415.96193981
1958.84656899
2244.26169957
2671.51413814
2438.95577524
2165.64212226
3571.10197675
1613.58399482
2380.45556363
2125.74163804
2973.59538198
1962.62616976
3554.12708803
2445.41152558
2848.46025447
2402.72281027
3533.74855795
2422.14674386
1571.83823664
2303.20522309
2391.44989165
2128.12504549
2395.93210765
2226.99795937
3548.52936797
1594.36726543
2376.31511585
2402.32568367
2419.94482479
2202.40209987
2426.73320478
1944.87615132
2911.14900462
1941.82865671
1991.4963359
3626.68789142
2401.65799849
2791.0101575
1596.33366108
2847.67565828
2405.8464258
2230.88876947
1571.75098642
3004.36693198
2571.05519944
2431.80785857
2141.3983093
2930.56523788
4301.35615605
2408.65180842
2415.63571541
2403.77397563
2345.84909615
1572.53408793
2702.45563103
2885.52899818
1961.60591589
2408.50600871
2435.42798704
3659.67899458
3653.44390257
2856.9180803
2693.27706789
1580.23002001
2401.52868122
3595.24133278
4147.24845802
2617.57699438
3558.37992493
2878.44802203
2788.19844143
3749.79802094
2148.61575025
2379.36977296
2682.22153537
2643.37789883
2928.94601186
2429.16323674
1941.20001744
2693.27666698
1596.29074541
2693.29181747
3574.35827308
2400.91503201
2693.27679312
2873.26374804
2054.63948459
2391.49789089
1940.39321572
2374.9708395
2386.56743455
2386.21428966
2457.79966352
2405.88440481
1976.98470467
2683.55770574
2389.60526432
2946.48826616
2401.97040394
1594.32536494
2454.29970027
2353.09052025
2235.55522292
3561.1680251
1578.36965433
1571.73788316
1628.55934884
2379.52093655
3606.79838165
2531.87943936
1575.06128064
2715.40361896
2194.32307431
1712.12042744
2378.31247967
2044.87396237
2844.429529
2408.26441611
3615.91677894
3096.95929592
2418.2549213
1594.33358301
2123.30772135
2693.27682358
2703.09713175
2048.75982761
3496.46140338
3271.77578954
2384.2478125
1966.80096405
2399.90659266
2380.73888003
2403.77057519
2344.96655548
2184.56181546
1600.14413116
2404.03869942
1574.19939809
2158.04818905
2454.55140213
3662.31417029
1584.43102137
2053.2727153
2728.81965086
2051.85399002
2235.17665972
2215.05086756
2018.8575155
3718.10806008
1595.27474693
3050.18253974
2925.45939095
2414.23923321
2290.86847354
3565.64747195
2424.51717455
2437.03204917
2674.58532796
2070.68801906
1959.6078404
2690.0572173
2137.03697776
2505.67593075
2435.44113546
3591.07514561
3682.60402608
2996.74189844
2407.44924903
2396.1387241
3060.28376374
1585.14895754
1584.48116605
1951.581366
1572.84762237
2353.1353753
2163.73717968
3548.74979751
2868.11000026
1594.59341455
1594.32458898
3590.77029209
1962.57600172
2150.25808499
1968.65694166
2541.48729368
2108.84219217
2895.34942711
2407.65286961
1594.76473259
3641.75051046
2907.55431136
2794.51827746
1965.20907213
2755.22780095
2901.93574178
2405.16264378
2680.55160159
2693.27666996
2252.49821522
2330.23922467
2720.13681949
2853.19121782
3470.28835066
2221.53504384
2406.90114711
2387.30885634
1820.13769123
2088.71644035
2294.17554214
2224.51202065
2047.86122841
3617.06561755
1603.1205226
2049.450592
3617.036643
1970.43987707
2706.5021916
1594.3246228
2931.66860976
2794.27475167
3170.90311822
2751.84638185
2140.38298388
3107.9267701
1571.72977843
2389.23496997
3131.1141371
1965.13183626
2425.22919412
2047.73479664
2467.92550496
2693.77426764
1594.32551524
2144.55595678
2871.07443143
2953.07062933
2126.83448473
2965.01478523
1594.42443781
2425.93749381
2243.03001878
2256.30658344
2060.7003181
2048.5220358
2627.00029713
2069.70286758
1961.79145527
2901.09626539
2847.50598449
2396.83775864
2385.7486328
2751.37754608
2408.07918969
2127.2480235
2140.40661435
2227.64626501
2346.73287558
3177.26382639
2815.92454358
2698.13745232
2187.74719365
1601.81597312
2928.94611416
2171.22503465
2351.94465471
2678.2388077
2928.94766291
2679.67625141
2988.65106935
2201.00503698
3093.4507466
1594.32475675
3095.93052006
1572.63333412
2204.37188333
2201.06663692
3524.27703718
2159.99451776
2139.43539312
1594.44091477
4103.86411841
2397.86975079
2862.62323717
3571.38853538
2174.24184681
1594.63247895
2138.88362774
1555.97675312
2345.90374033
1595.43108297
2845.28172865
2736.82098092
1555.93113223
2382.43461868
2650.21363025
2386.96759172
2620.8824382
2048.6153947
2299.76373551
2228.0278347
2357.31210903
2146.647021
2419.98638595
3634.85879171
2269.69870463
2864.10156081
1594.36121454
1970.26407605
2453.46026604
2210.26076202
1594.59033262
2270.62502435
1553.34904043
2977.08624653
2418.94342525
3607.93464162
2138.47032929
1571.98988657
3480.2819452
2142.30558733
2729.95043975
2177.5909379
3516.45653875
2826.55682013
1946.08979832
2240.20711266
2616.44692927
1582.32850603
2938.19053837
2468.44995957
2906.60681998
3472.800286
2125.76935228
2693.45024662
2403.65969197
2860.43336994
2737.15536256
2337.67077103
2403.5682491
1595.32384725
2230.12297444
1599.52380689
1961.6121263
2434.49606142
2671.49224241
2433.75288764
2900.94178445
2844.88585797
1572.5375906
2958.26711977
2970.41418563
2825.46038407
2204.2680303
1975.53986962
2413.48054848
3117.65668359
1933.71618061
3571.88937765
3008.72748899
1936.08592085
2381.6546764
1937.61784671
2414.35941973
3557.85203074
2376.32064621
2835.44065525
2213.29282074
2970.49799736
2688.43404216
1550.69585432
2389.49112125
2050.27370639
2133.10400829
2677.66056503
3029.06109069
3711.03615324
2413.53250136
2381.99496208
2939.57058042
2143.46037763
3562.46544402
2225.04680936
2131.53083724
2366.54496789
3537.36738626
2694.6763312
3050.00813011
2376.41575246
1575.07317117
2424.08040666
2413.42556659
2867.17473505
2201.0444388
3022.56543652
1965.76076309
2458.58449341
1969.04534546
2848.93732047
1594.37990238
1583.70654784
2270.30512002
3585.45009558
1572.72365344
1659.49029745
2613.91834174
2001.28185682
2235.15377045
2387.23704213
3576.30897343
2252.90174678
1571.72950143
1571.72863142
2027.38890335
2225.56597133
1572.23550744
1584.80618722
1976.85750934
3004.87669269
2440.57060033
2343.38461049
2385.08678886
3589.23116966
2360.22981036
2702.30301875
2881.43609613
3330.00373954
1572.64288844
2048.85278588
2422.1550236
2418.32135796
2778.14369169
2896.6797558
3545.46827162
2048.49472308
2707.63436287
2478.9475283
3589.06846698
2324.52352536
2929.01136196
2557.97927168
2693.59468403
2693.27719962
3166.04758462
2969.74078051
1612.84043474
2881.39091177
1982.76345695
2430.18078623
1991.83123387
2888.07540508
1594.45061987
2411.49034698
2172.92413426
2421.08189047
2929.90206415
2697.42644098
3570.81200109
3904.67824538
2106.10539166
1604.0216781
2221.28062083
3149.07126078
2407.89816151
2986.22317216
1572.86412166
2402.68217846
2831.81223655
2527.59170778
2126.00196371
1572.75406856
3726.65766704
2853.996778
2465.89345868
2854.58659989
2878.33219848
3231.25763145
2157.31295794
3613.16334238
3523.09348384
2678.41214041
2420.69884272
1985.58833599
1594.3588253
2418.39852914
2215.66937551
1573.84102734
1572.95542349
1982.23885955
2202.9635988
3032.3149979
2731.46697622
1607.56412009
2721.79748955
2047.6635456
2896.15707673
1580.67868101
3051.84140655
3045.61106539
1594.40590741
3573.34015417
3589.00969257
1598.39839396
3194.84201058
3025.9493685
2730.82832093
2204.41715721
1962.19584685
3076.63399454
2441.91062188
1549.94120883
1594.78472061
2392.21155187
1607.87372272
2259.78453162
2397.61688117
2847.6626393
1601.23747781
3060.49913111
2186.38846069
2034.98877875
3013.65340313
2847.81743196
2082.23981821
3092.84535844
2703.39506607
1944.40932905
1584.64624505
2702.61678028
2928.94599488
1603.11306529
2176.04472745
2407.13302387
2423.68034588
1631.03145689
3643.49668529
1965.0859224
1962.04844062
2142.61659523
2339.81517842
3071.05981276
2446.66513919
2434.30236006
2225.97571514
3580.3494582
2693.33254731
2229.74204995
2047.4076357
2989.05303277
1583.31615368
3537.88335157
1574.53216141
2402.65434743
2848.01115373
2401.24134928
1594.41144773
3592.91630991
1944.58071701
2379.19370702
2466.02813721
2739.44083625
2177.77937656
3334.55447594
2407.62246659
1571.72804614
2484.58845524
2400.31033364
1572.68046291
2564.29089505
2119.2849554
2362.31409309
2218.32012394
2143.64075541
3551.73828905
2381.60105207
2821.34012643
1597.94537113
2412.48695113
3575.36633204
2752.3382232
2025.65916634
2729.93674215
2093.56035359
3602.35062886
1965.23028769
2701.14110648
2396.31765556
1572.75584436
2401.83207898
2707.21156585
2878.39413955
1594.36599135
2985.64128234
2848.71523058
3580.45640186
2859.39126577
3170.56556589
1585.47860837
2298.37138443
2174.04052647
3015.5054306
2381.72300875
2396.07633885
3518.65533711
2683.06466379
2416.71858312
3998.56018092
1576.61531895
1573.8805985
2415.27317289
3078.198038
2886.37917618
3687.19332834
4270.96873923
2386.87177071
1961.36830564
2399.87129293
1558.14549759
2387.65384646
2057.75890822
2428.56185726
2046.94346705
2140.23511159
2204.31414975
1986.66496423
2178.00655788
2457.15159577
1953.29476434
2423.35475282
2702.30310497
1602.77776944
2231.26213776
1594.32460306
2408.52107456
2391.42663314
3698.76608259
2680.51651322
2399.3991993
2362.97929409
2232.18463684
2787.07459548
3528.1059011
2262.2142216
3584.85154895
3033.7631088
2853.76921991
2430.98284343
3563.03656541
2884.30120406
1594.33550068
2050.42429479
2405.68444294
2737.43571199
1967.92961258
1594.32490665
2693.49302654
2126.06619759
2314.73071897
2880.26141368
2368.33391741
3622.42683544
1571.72909412
2374.62680448
3053.67383175
2420.48011991
2407.8903216
1571.72928333
2093.67943798
2854.24964737
1594.33104826
2693.3134506
3616.03719108
2843.67011431
2448.10215944
2406.42657004
3579.14419091
2378.77937728
2387.90310685
2693.27680542
2875.97662698
2577.34827461
2418.02173543
1599.47394455
2184.6542688
2404.2309976
1595.51025489
2423.6795056
2297.09042435
2779.53178228
1656.87245616
2704.31103619
2730.47143751
2174.63420745
1613.24986884
2217.40429942
2594.33464543
2984.26322833
2421.04156524
2441.93099165
2281.2597564
3622.85971603
1956.89990709
2896.42888781
1591.48354111
3749.02467863
1580.01322304
1551.52887603
2049.14635785
1579.9456242
3003.75548456
1571.72804552
2629.62713276
2048.61635176
3042.55771007
2993.39083896
2743.06375808
5232.14045723
2405.25474598
2336.48478487
2864.05111323
3558.6552111
3245.4828973
1573.60954911
2849.89835018
3558.98779
2500.35910818
1571.89021143
2125.7742122
2053.70595696
2821.00118601
2727.47418695
2433.39011935
2694.41647386
2486.79564042
2880.07234372
2380.68819682
1584.16028242
1572.53844131
2224.82491893
2443.48485778
1592.54860874
1571.73657609
2415.90956826
2823.86166474
2693.4909174
2748.94994263
2402.1918793
2856.59025967
2392.02421141
2383.23310625
2489.84505871
1595.6555734
2156.6918555
3599.26302593
2670.98638937
2265.38239055
2383.50121777
2384.33521024
3659.65226329
3590.06336586
2671.60894652
2479.09107106
3590.25855558
2206.64410054
2411.58387638
3027.04616739
2394.13061523
2849.72549598
2366.24407917
1576.3075617
1572.5817136
1939.83743576
3001.69656854
1596.4077462
2994.94340025
2693.28480612
3692.16383848
2365.18097194
3611.08054482
3696.83438762
2386.01111982
1594.36914508
2435.14309667
2820.93369594
2050.55795666
1599.96393714
3554.2568041
2401.42466628
1550.10315119
3542.91007425
2232.01354405
2048.58990934
1572.53782779
2451.449325
2850.45220568
1594.32458269
2074.37111876
2882.15309763
2671.59900709
3970.65655369
3579.34532299
3059.99883354
2054.75671044
2107.54917542
2794.12857353
2383.14525265
3706.63151306
2850.70490032
2408.15331041
1580.02744821
3542.46141484
2706.27106562
2702.89339185
2857.98545234
2424.51267625
1934.78208326
1594.47092477
1594.36414987
3679.4183066
2362.11983969
4277.90579076
2117.53948464
2403.14388248
1572.54044634
2022.6257091
2858.64220863
2741.44931083
3057.46309056
2947.68219789
2382.29963693
2847.98599236
1978.37069132
2399.30330442
2408.35599433
2422.09502807
3611.57049913
1573.47873973
2671.52237348
3991.68942769
1941.97499988
2408.91558181
1670.60325022
2736.13755608
2378.56543209
2248.26788822
1575.78797824
2223.53686891
2430.10707094
1980.65600837
2401.89313127
2707.0909584
3425.5535593
2404.43178084
1972.8783821
2878.78594566
2711.39972487
2702.30301283
1574.44899944
2825.79238787
2431.85403008
2028.86444699
2244.6102907
2718.99005408
2071.14226936
2160.32815768
2693.2766782
2160.31635147
2276.24805547
2431.92946983
3088.56050821
2386.3857938
2408.83217038
2727.65007701
2213.83208439
2397.27625455
2693.44570142
3661.1251997
2972.44991745
3544.28245149
2905.4003205
2442.37869053
2261.39549563
2679.74809444
2172.26363877
2364.30299585
1821.92984361
3561.28614817
2712.19511701
2057.6066751
1782.93266888
1574.8031477
2920.88493758
2047.17619911
1971.92882069
3030.28632071
2622.64089914
2432.23963723
3569.84170082
3091.6432948
2408.66489445
2174.69342179
2386.73817717
2772.40391238
2372.68014982
2399.0776372
1595.20875097
2383.17980473
2921.11264973
1963.3812252
2253.36643016
2688.48956718
2283.78001011
2413.97175042
2674.44258053
2278.53725176
2879.34985069
2389.65470804
1603.7775571
2374.97765347
2029.72924408
2880.21720841
1582.07923451
2391.5196983
3584.51655656
2693.27706597
3285.81318142
2601.95823671
1575.21051956
3012.44074189
2703.20526246
2386.12783263
2824.35891661
2436.54192484
2452.77635801
2550.86411842
3319.87415799
2625.22852169
2882.22269239
2397.7016377
3529.39089005
3528.59636902
3593.05744494
2909.59988679
2442.2154735
2456.40508275
3396.80788394
3605.5960523
2550.63416556
2422.60171606
2417.85112727
3039.91947743
1630.25923389
2381.54423306
2848.89998068
2697.49490987
2995.26844205
1579.18475864
1972.9540446
1572.5459045
2224.9053964
3575.86375514
2846.39725903
3098.73086804
2984.62592532
1792.01171447
2929.04243122
3502.2915569
3510.83150129
2850.60825358
2415.67958568
2174.75212944
2285.62869539
2760.67004726
2368.04058811
3030.66856692
2229.21541107
2417.36632641
1941.8001398
3100.43750236
2708.03055848
2929.57157001
2255.71354044
2780.21711926
2907.15914363
2754.29239129
2227.85400385
2708.59238341
2847.46246805
1594.34837209
2126.64904298
2360.14121622
2355.96012866
2407.53548135
1594.38509806
2175.15223645
2928.94613022
2507.62813623
1572.98957651
2047.49936699
3617.01767785
1594.60837712
2380.04878428
1995.71021209
2112.4355236
1577.35742519
2265.28679065
2688.82587657
3029.69352811
1785.1953279
2423.27740335
2229.17902009
2047.61816316
2974.86340563
2136.71756166
2918.03210674
2673.29161839
3003.90544209
1983.27017794
2713.28338903
3550.84419604
1634.90074794
2047.54472384
3462.332661
1617.32916597
2834.27003639
2028.86690911
3012.01961162
2411.74571589
2167.11032155
3494.72885085
2629.83383431
2423.274421
1599.81292854
2205.08158243
1578.7691823
2402.06576722
2386.82131911
2731.26326152
2882.56225651
2845.40328875
1589.64578718
2174.64319058
2964.03432656
3064.31006733
2693.28770449
1975.75277496
2414.24549719
2782.47167132
3004.96116465
2693.3111926
2260.49941097
2278.4281351
2250.80512876
1640.25747202
2900.30306642
2372.23904995
2436.66090968
3558.47238215
2769.75094664
2770.49161037
2906.20665137
2405.26763337
3263.00665388
2136.08194241
2564.42115345
3484.08635019
3534.36601403
2696.35935789
2842.90826504
2398.69934566
2455.9427818
1594.32601932
3499.9319355
2282.22672638
3224.18336767
2698.94133193
1961.42411494
2544.00948638
2142.56467888
2959.42740545
2399.60724738
2737.55948578
2048.56170539
3002.65702987
3546.06856778
2328.1684002
2401.37742173
2705.0017827
1594.40297525
2171.98835087
1561.84511205
2390.77214832
2204.56124599
2031.32514543
1571.81548104
2974.80664379
2444.61220236
2617.52940775
2798.74942408
2402.79804255
2708.32401517
1579.05824643
2546.2275638
1629.08535032
2140.68191738
2857.62215818
2675.43434991
2415.63588434
2395.08373158
2728.04609845
2029.59055417
2420.7850388
2125.69710219
1962.61485104
1594.32459778
2119.29322346
2205.33419661
2408.73146364
2962.59171375
2910.20767425
2117.51891014
1942.7546868
2910.23759882
2927.21723893
1594.34505727
2382.03917643
2048.23796578
2894.83133578
2879.69203596
1578.2853106
3575.75166603
2640.91334613
2794.22986382
1941.04006616
2950.61575331
2701.06080867
2300.34616412
3556.64730983
2714.96162456
1952.96935075
2409.30271195
2775.74773447
3528.41836655
3002.36919843
2313.54245533
2261.04809154
2970.89228437
2443.84870182
3585.17248542
3235.32388661
3660.42424789
2932.93424683
2543.75780495
1961.14066114
2970.71163886
2384.73059906
2596.58872386
2693.27678527
2141.76877037
2329.80478546
1585.54115306
2050.92565565
2888.5501465
1955.29975724
1973.72533835
3528.23342621
2389.0940134
2175.94799848
1590.87618426
2681.62126168
3679.79166445
3004.70584356
2449.74542391
2718.40099611
3000.82754521
1963.54951052
3021.21319121
1556.66088427
2133.852439
2238.66783869
2202.93257691
2410.3485817
3082.69080592
2192.08707815
2128.37381836
2166.71431719
2568.46183085
2051.23167628
1942.44140223
2753.20151894
2576.55301109
3515.89139902
1594.84988831
2445.00873044
1594.32461436
1573.8659199
2862.84108261
3957.61333305
3523.17563745
2121.84075935
3694.96858192
2430.42457526
2413.02893867
2386.5106057
2406.90867729
2382.1800998
2374.73824765
1584.98038766
2430.96458566
2671.51817637
2417.04086297
2435.35891684
2874.23469315
2204.06592914
2535.448894
2394.61812975
2401.59302283
2973.00427078
2408.93942446
3495.93505275
3079.72876375
2348.67088003
1594.32460921
2349.48024515
2867.37362535
1599.77470073
1967.72953385
1581.43582684
2395.63309335
2404.79853472
2928.97040936
2500.37575235
1962.41900307
2039.46243851
2285.14295539
3582.25690789
2700.79435909
2402.25935006
2382.02637279
3588.35209789
2658.39315119
1596.61830424
2108.02170953
2397.86565429
1997.90603912
3583.92899593
1595.07938657
2968.50546646
3802.30803772
1958.09166247
2153.64664676
1595.91732316
2430.38249011
2891.9408522
2693.27666905
3596.95183668
2152.47671438
2103.92350348
1572.55148351
2410.7757332
2052.54271979
2389.39016966
1594.41679037
2682.56244318
1595.27072384
2140.86936903
1594.32458649
2394.4284175
2140.36514994
1598.28371423
1575.81417583
2981.72627159
2911.51862247
1594.32565282
2779.92399248
1571.75887336
1571.75386117
2698.15802336
1572.80410082
3603.85866457
1572.92199619
2410.90688597
1940.92829311
2730.0568719
2416.46657984
2693.27845094
1572.53772764
3167.53004829
1595.96603133
3660.96721807
3608.03686352
2399.23927099
2386.78738693
2273.63582184
2418.26669509
1589.68834802
3568.10127229
1954.83295864
2915.26830076
2702.3030444
2361.19316299
2702.65082946
2998.26510923
1939.87424718
1969.59390687
2244.77266064
3581.26296562
2050.98074048
2857.36199549
3571.07095577
3626.64967118
1572.9595992
2349.2591566
1571.72855086
2405.90934537
1969.22179022
2728.27069962
2441.31463298
1979.35443433
1578.17950115
2825.48897653
2702.30328897
1594.3761286
2176.82597577
2693.27666698
1580.9182615
2242.94305532
1594.32476027
2680.5160066
2189.12032904
2833.56657924
2348.5780709
2387.92108055
1571.72876509
2772.40286171
3064.91709625
2418.88693166
2190.38189404
2830.99093988
3322.92069021
2597.04532004
4376.38176394
3611.78572351
1571.73693537
3443.00534217
1594.32475567
3570.5592575
2210.2110786
2548.55098354
3462.07060938
2149.08221876
2878.32471015
2224.127418
2118.0783819
2653.37116288
3537.71401909
2671.61254356
2824.2221857
3537.77746418
1571.72805227
2258.21512246
1572.53815327
2443.27148973
2671.26634707
2874.23496295
2427.69220061
2439.73871326
2992.20114487
4278.88163829
2510.6468805
2077.35336976
2850.66635274
2420.13004598
2381.62033953
1578.42749918
1942.35257159
2929.6998103
2419.17104971
2401.32064163
4251.53341797
1580.71656222
2928.99641199
1968.69073148
1594.4988568
3003.65666495
2343.41861937
1942.91056794
1697.53765787
2428.4100179
2909.77660352
2409.19480936
2377.1820883
2911.79636684
3030.22884193
2385.32753957
2878.12514896
3626.76448385
2711.56531304
2626.30131896
2277.9261791
2931.40643985
4080.26499952
3529.11377782
2313.50975078
1937.39656992
2680.52380729
3754.28887047
2704.02346329
2395.47970602
2215.92513049
1994.86890626
2399.51094713
1572.61864921
2879.63988989
1582.13132875
2049.88611656
3559.57125824
3558.00092037
1584.9774532
2396.10320091
1963.55370823
3615.56039617
2258.17998548
1752.96714709
2423.4938266
2725.55476144
3469.85832589
1583.50098153
3019.18109312
2397.94149992
2404.97923224
2864.73060355
2387.28268866
2427.45207848
2438.32763027
2420.44113667
2670.64484366
2167.04077796
2382.25346037
2706.58040804
2963.54269818
2392.63380014
2410.14734833
2982.35192335
2844.8695587
2409.56077221
2448.55346242
4313.46172927
2426.69878877
1598.21378641
2681.47505658
2145.96706464
2870.02537063
2413.27609278
2206.63951267
2237.20489375
2417.51740884
1963.35211394
2415.36284077
1950.72006605
1594.33477205
2408.06508465
2693.27751401
1946.35220401
3571.26430729
1590.60478408
2032.33186067
1572.54026431
1958.68279454
3029.77692866
1598.06173482
3035.34287906
1747.90134804
2456.60042483
2488.80082377
2697.98735825
2997.96635712
2510.15725259
2139.38850699
2843.11671348
2440.63241613
2754.29376541
2401.87063975
2389.08722317
2878.3668551
1939.76258633
2031.30206047
3579.75132666
1555.43497621
1595.29525817
3441.59905156
2257.62568506
1594.32900237
2216.4619536
2671.5079662
3608.48806954
3570.70591544
2239.79832113
3569.80851823
2176.29143312
2852.65522438
2420.47560237
2051.52036369
2242.96327366
1984.68712945
1594.68319063
3553.43742474
1584.11422872
3575.83061304
2204.33103969
1578.11659256
2844.36278455
2049.45430921
2381.85985361
3227.04902556
3529.91952932
2671.49217314
1571.73349599
2981.64559409
2843.35405872
2936.15509701
2426.11528144
2416.10407787
1595.09058195
2137.341544
2910.25691887
2978.75187235
2415.20214881
2444.07199968
2458.65769122
2384.23403931
2409.17887243
2461.01852449
2417.86738643
2224.82423748
1594.83668677
2888.57357586
2049.73600825
2027.02607601
4009.21415139
2693.283438
2693.27709711
2012.63471815
2047.27918295
2350.80227794
2228.07117081
2308.32662716
2054.43890397
2857.64119787
1594.93489011
2039.70994629
2406.09175496
1594.40355157
1575.59483637
3572.52809154
1989.65538668
2224.69284269
2152.46437477
3047.54062292
2051.54712269
2999.47863721
2828.78969634
2416.21601666
1941.27636371
2139.68960434
2663.49583779
2137.80590191
3022.17110675
2915.06699825
2417.25186314
2190.13523074
2926.87648458
3635.15991834
1572.55217136
2707.93426714
1594.33143921
1594.32458284
3564.96558446
2850.33482598
2421.548276
2692.78163392
2693.58353445
2761.80486487
2703.37906618
2230.7122317
2399.8982458
2880.75519278
2825.30756287
2145.6481835
2052.19175054
2452.44840568
3849.70593466
2671.51533574
1552.82208639
1596.99657623
2870.46452714
2693.27690591
2862.07557832
1578.42164527
3608.56122321
2523.81216315
1594.32991487
1572.54677168
3723.01444099
2116.14162911
2859.47846814
2402.93918836
2026.30054685
3589.57366774
2845.17337114
2928.94687749
2939.79327772
1600.31885204
3031.05289704
2050.12798853
1574.62079704
1594.94934632
1594.32957619
2407.93188899
2707.7224417
2416.76525348
2372.28302973
3602.25432171
3616.78125736
2262.18181146
3571.86947451
1595.93996275
2702.90211583
2476.08789576
2162.61633717
2739.82952181
3643.25942817
2369.81979368
1582.14344633
2155.08612308
2400.60247793
2438.60550734
1597.34122185
2120.31636921
1594.32458431
1588.68034975
2442.8563978
3024.11315541
3569.11018213
2376.46190784
2759.4583787
2401.73157182
2225.92170961
3078.30401744
4293.34672598
2707.66368282
3696.06664576
2544.16538872
2901.36632917
2439.47792708
1961.92348955
3098.17867614
3597.78120688
1584.04469272
2203.50991272
2403.19202175
2183.81763842
2138.40065905
1571.72810431
2888.90049772
2131.91689687
1583.61272384
2477.37532624
2258.30734335
2406.23682514
2693.3475393
2120.76991689
2387.95705835
2175.69906212
2773.57306945
1573.74544556
2195.7567395
2048.03564534
2026.5069339
2381.45981812
2371.09986644
2794.22759577
1956.29955247
2138.60153367
2773.22745243
2399.50049742
3002.93696475
1961.0961419
2391.04759912
2414.2392744
1960.59642551
2287.89139736
2249.48563137
1600.102154
2402.38995694
2702.3057366
2533.15560245
2434.24248777
2956.02983166
2138.04240711
2125.69556201
2406.8359622
1597.84336346
1561.94915526
1571.72822888
2174.64318934
3766.87890459
2549.39657066
2731.75264675
3078.74981557
2427.43589393
2417.03832953
2049.18837946
2502.33441803
1594.80432373